Ridge: [0.09856304 0.04997698 0.02463683 0.013539   0.00633921 0.00552848
 0.00437515 0.00398556 0.00247504 0.00228553 0.00186419 0.00161321
 0.00160572 0.00145606 0.0012761  0.00123129 0.00120036 0.00116303
 0.00114371 0.00113833]
OLS: [0.09856831 0.04996551 0.02462808 0.01352012 0.00633571 0.00553181
 0.00437545 0.00398296 0.00247562 0.00228313 0.00147207 0.00111233
 0.00102222 0.00080515 0.00075364 0.00061604 0.00058303 0.00047553
 0.00041668 0.00036769]
Lasso: [0.09855106 0.04997457 0.02462229 0.01494005 0.01495231 0.01482147
 0.01264104 0.00956581 0.00781039 0.00755647 0.00780935 0.00808931
 0.00813316 0.00789419 0.00744012 0.00698133 0.0066612  0.00647096
 0.0064186  0.00642393]
OLS: [0.09856598 0.04997313 0.02462806 0.01352507 0.00634071 0.00552845
 0.00437386 0.00398275 0.00247261 0.00227878 0.00147367 0.00111166
 0.00102009 0.00080751 0.00075478 0.00061994 0.00058243 0.00047515
 0.00041667 0.00036783 0.00035091 0.00032864 0.00029922 0.00028976
 0.00027928 0.00027214 0.00026939 0.00026097 0.00024589 0.00024309]
Ridge: [0.09853155 0.05000381 0.02462798 0.01355026 0.00633616 0.00553008
 0.00437924 0.00398839 0.0024766  0.00228541 0.00186666 0.00161533
 0.00160106 0.00145585 0.00127534 0.0012272  0.00118831 0.00115585
 0.0010601  0.00112118 0.00109774 0.00100921 0.00100437 0.00096383
 0.00098382 0.00094824 0.00094012 0.00100405 0.00096221 0.00100558]
